final_loss/test: 265.625223093582
final_loss/val: 384.1438631739253
