final_loss/test: 298.6890800571409
final_loss/val: 391.048071056103
